SolverId	1.4
nK	15
nG	59
nS	2
nO	2
nZ	1
Null skill ratios	  1.0000000	  0.0000000
0	ALT:PARALLELOGRAM-AREA
PI	0.8546677852	0.1453322148
A	1.0000000000	0.0000000000	0.9986462343	0.0013537657
B	0.9304638719	0.0695361281	0.3000000000	0.7000000000
1	ALT:PARALLELOGRAM-SIDE
PI	0.9394210137	0.0605789863
A	1.0000000000	0.0000000000	0.0005829557	0.9994170443
B	0.9321470390	0.0678529610	0.0000000000	1.0000000000
2	ALT:COMPOSE-BY-ADDITION
PI	0.9558198912	0.0441801088
A	1.0000000000	0.0000000000	0.9990125398	0.0009874602
B	0.7406159041	0.2593840959	0.3000000000	0.7000000000
3	ALT:TRAPEZOID-AREA
PI	0.0192524997	0.9807475003
A	1.0000000000	0.0000000000	0.2917002084	0.7082997916
B	0.9612170178	0.0387829822	0.2954244392	0.7045755608
4	ALT:TRAPEZOID-HEIGHT
PI	0.2504248723	0.7495751277
A	1.0000000000	0.0000000000	0.3413893577	0.6586106423
B	0.7716149230	0.2283850770	0.1474967771	0.8525032229
5	ALT:TRAPEZOID-BASE
PI	0.4457636878	0.5542363122
A	1.0000000000	0.0000000000	0.6879444296	0.3120555704
B	0.7000000000	0.3000000000	0.0105582241	0.9894417759
6	ALT:TRIANGLE-AREA
PI	0.8996305607	0.1003694393
A	1.0000000000	0.0000000000	0.2335370537	0.7664629463
B	0.7976473021	0.2023526979	0.3000000000	0.7000000000
7	ALT:TRIANGLE-SIDE
PI	0.6044437271	0.3955562729
A	1.0000000000	0.0000000000	0.2623242761	0.7376757239
B	0.7000000000	0.3000000000	0.3000000000	0.7000000000
8	ALT:COMPOSE-BY-MULTIPLICATION
PI	0.3874389084	0.6125610916
A	1.0000000000	0.0000000000	0.4397230934	0.5602769066
B	0.8736515945	0.1263484055	0.0116278288	0.9883721712
9	ALT:PENTAGON-AREA
PI	0.0119212273	0.9880787727
A	1.0000000000	0.0000000000	0.6580115311	0.3419884689
B	0.7461727712	0.2538272288	0.2826894699	0.7173105301
10	ALT:PENTAGON-SIDE
PI	0.2063535023	0.7936464977
A	1.0000000000	0.0000000000	0.1330225398	0.8669774602
B	0.9268100776	0.0731899224	0.3000000000	0.7000000000
11	ALT:CIRCLE-RADIUS
PI	0.7705567070	0.2294432930
A	1.0000000000	0.0000000000	0.3212032322	0.6787967678
B	0.7000000000	0.3000000000	0.1720584322	0.8279415678
12	ALT:CIRCLE-AREA
PI	0.3909379682	0.6090620318
A	1.0000000000	0.0000000000	0.2606250756	0.7393749244
B	0.8771827733	0.1228172267	0.3000000000	0.7000000000
13	ALT:CIRCLE-CIRCUMFERENCE
PI	0.8123312672	0.1876687328
A	1.0000000000	0.0000000000	0.1614907662	0.8385092338
B	0.8469966901	0.1530033099	0.3000000000	0.7000000000
14	ALT:CIRCLE-DIAMETER
PI	0.8483661872	0.1516338128
A	1.0000000000	0.0000000000	0.2437262278	0.7562737722
B	0.7536812592	0.2463187408	0.3000000000	0.7000000000
